Location: .\Levels\level1.txt 
Level: level1.100.150 
PlayerX
100
PlayerY
0
LevelLeft
-1331
LevelRight
5890
LevelTop
-53
levelBottom
586
 
ground
x y
0
-1500;500
-243;495
-143;513
-59;539
4;568
59;580
107;586
148;574
191;553
297;547
328;542
509;521
715;515
1000;510
1240;500
1400;500
3619;489
3984;487
4241;513
4377;524
4489;509
4616;471
4693;466
4758;470
4891;494
4987;497
5048;498
5145;487
5216;474
5305;447
5409;454
5484;478
5578;487
5611;487
5698;485
5728;481
5809;467
5916;474
6051;481
6120;484
6184;478
6273;478
end
 
scenery
x y width height rotation scale imageid collides stopplayer type text
282;562;100;100;0;1;0;0;0;tree;
899;520;100;100;0;1;0;0;0;tree;
1160;514;100;100;0;1;0;0;0;tree;
102;580;25;25;0;1;2;0;0;hayBale;
-777;513;100;100;0;1;0;0;0;tree;
-366;505;100;100;0;1;0;0;0;tree;
-315;506;100;100;0;1;0;0;0;tree;
-64;553;100;100;0;1;0;0;0;tree;
2201;503;100;100;0;1;0;0;0;tree;
5134;500;100;100;0;1;0;0;0;tree;
3511;497;100;100;0;1;0;0;0;tree;
4139;516;100;100;0;1;0;0;0;tree;
4671;477;100;100;0;1;0;0;0;tree;
2794;507;100;100;0;1;0;0;0;tree;
5782;479;100;100;0;1;0;0;0;tree;
5387;473;100;100;0;1;0;0;0;tree;
3403;502;100;100;0;1;0;0;0;tree;
534;368;240;150;0;1;47;0;0;barn;
4825;353;240;150;0;1;47;0;0;barn;
end
signs
x y width height rotation scale imageid collides stopplayer type text
end
 
npcs
x y type
49.04;577.827;cow
979.96;510.352;cow
1680.96;498.607;cow
1376.96;500;cow
248.96;549.719;cow
-261.96;495.075;cow
200.96;552.436;cow
28.04;573.245;cow
2418.96;494.949;cow
3094.96;491.598;cow
3889.96;487.515;cow
4810.96;479.557;cow
5377.96;451.911;cow
end
