Location: .\Levels\level2.txt 
Level: level2.300.300 
PlayerX
100
PlayerY
0
LevelLeft
-1177
LevelRight
6548.33
LevelTop
-30
levelBottom
562
 
ground
x y
1
-1500;500
-200;500
-118;492
-46;507
10;523
58;544
95;558
119;562
169;556
225;555
328;542
500;490
650;470
1000;510
1240;500
1400;500
2500;500
2641;538.75
2694;544.75
2754;550.75
2870;516.75
2918;495.75
3002;493.75
3060;498.75
3107;497.75
3153;492.75
3203;492.75
3241;499.75
3312;514.75
3434;535.75
3594;539.75
3714;537.75
3827;530.75
4020;537.75
4143;550.75
4229;546.75
4312;544.75
4417;531.75
4548;500.75
4659;464.75
4791;465.75
4898;493.75
4992;506.75
5071;505.75
5141;495.75
5173;489.75
5195;453.75
5210;434.75
5213;383.75
5216;355.75
5270;355.75
5355;354.75
5387;333.75
5425;350.75
5478;411.75
5519;460.75
5539;490.75
5654;510.75
5753;505.75
5830;507.75
5990;487.75
6089;462.75
6244;454.75
6264;450.75
6375;423.75
6584;430.75
6715;437.75
6836;430.75
end
 
scenery
x y width height rotation scale imageid collides stopplayer type text
737;454;25;25;0;1;3;1;1;crate;
541;454;25;25;0;1;4;1;1;fence;
2058.75;476.75;25;25;0;1;3;1;1;crate;
2080;476.75;25;25;0;1;3;1;1;crate;
2105;476.75;25;25;0;1;3;1;1;crate;
2129.38;476.75;25;25;0;1;3;1;1;crate;
2080.63;451.75;25;25;0;1;3;1;1;crate;
2105.63;451.75;25;25;0;1;3;1;1;crate;
2129.38;451.75;25;25;0;1;3;1;1;crate;
2058.25;452;25;25;0;1;3;1;1;crate;
3847.18;506.568;25;25;0;1;3;1;1;crate;
3870.82;506.568;25;25;0;1;3;1;1;crate;
3859.91;483.841;25;25;0;1;3;1;1;crate;
5214.45;329.386;25;25;0;1;4;1;1;fence;
5238.09;329.386;25;25;0;1;4;1;1;fence;
end
signs
x y width height rotation scale imageid collides stopplayer type text
end
 
npcs
x y type
-220.221;500;soldier
-322.681;500;soldier
-22.5403;513.703;soldier
593.3;477.56;soldier
1828.76;500;soldier
1488.64;489.32;soldier
3377.88;418.15;soldier
4247.89;398.15;soldier
5040.89;369.15;soldier
6055.89;368.15;soldier
6055.89;368.15;soldier
4528.2;326.15;cow
end
