Location: .\Levels\level6.txt 
Level: level6 
Requirements: 5
Difficulty: 3
PlayerX
-400
PlayerY
0
LevelLeft
-1278
LevelRight
7198
LevelTop
-39
levelBottom
546
 
ground
x y
0
-1500;500
-934;497
-737;512
-719;523
-667;534
-576;537
-500;542
-419;542
-310;523
-222;503
-173;500
15;486
97;485
167;489
238;500
425;498
554;500
825;498
899;502
1593;502
1675;501
2194;488
2354;485
2594;496
2774;506
3013;531
3109;533
3521;520
3780;500
3946;496
4133;491
4273;506
4754;521
4940;529
5202;528
5354;516
5547;468
5610;461
6042;478
6202;493
6415;517
6549;513
6973;534
7385;524
end
 
scenery
x y width height rotation scale imageid collides stopplayer type text
825;447;10;100;90;1;22;1;1;tallCrate;
914;453;10;100;90;1;22;1;1;tallCrate;
825;360;10;100;90;1;22;1;1;tallCrate;
913;359;10;100;90;1;22;1;1;tallCrate;
1594;449;10;100;90;1;22;1;1;tallCrate;
1684;452;10;100;90;1;22;1;1;tallCrate;
1594;349;10;100;90;1;22;1;1;tallCrate;
1684;352;10;100;90;1;22;1;1;tallCrate;
869;400;100;10;0;1;22;1;1;longCrate;
870;306;100;10;0;1;22;1;1;longCrate;
1639;398;100;10;0;1;22;1;1;longCrate;
1638;300;100;10;0;1;22;1;1;longCrate;
1018;441;100;57;0;1;75;0;0;barracks;
1135;442;100;57;0;1;75;0;0;barracks;
1249;444;100;57;0;1;75;0;0;barracks;
793;470;25;25;0;1;3;1;1;crate;
767;470;25;25;0;1;3;1;1;crate;
767;445;25;25;0;1;3;1;1;crate;
793;445;25;25;0;1;3;1;1;crate;
793;420;25;25;0;1;3;1;1;crate;
793;395;25;25;0;1;3;1;1;crate;
742;445;25;25;0;1;3;1;1;crate;
742;470;25;25;0;1;3;1;1;crate;
793;369;25;25;0;1;3;1;1;crate;
767;419;25;25;0;1;3;1;1;crate;
767;394;25;25;0;1;3;1;1;crate;
793;344;25;25;0;1;3;1;1;crate;
917;473;25;25;0;1;3;1;1;crate;
916;448;25;25;0;1;3;1;1;crate;
917;423;25;25;0;1;3;1;1;crate;
917;398;25;25;0;1;3;1;1;crate;
918;374;25;25;0;1;3;1;1;crate;
918;349;25;25;0;1;3;1;1;crate;
941;472;25;25;0;1;3;1;1;crate;
942;398;25;25;0;1;3;1;1;crate;
941;423;25;25;0;1;3;1;1;crate;
941;448;25;25;0;1;3;1;1;crate;
966;472;25;25;0;1;3;1;1;crate;
965;447;25;25;0;1;3;1;1;crate;
-945;306;150;200;0;1;45;0;0;houseBlue;
-411;342;137;200;0;1;46;0;0;houseBrown;
1361;444;100;57;0;1;75;0;0;barracks;
2675;508;100;100;0;1;0;0;0;tree;
2855;525;100;100;0;1;0;0;0;tree;
2938;528;100;100;0;1;0;0;0;tree;
3068;538;100;100;0;1;0;0;0;tree;
3205;545;100;100;0;1;0;0;0;tree;
3372;535;100;100;0;1;0;0;0;tree;
3872;505;100;100;0;1;0;0;0;tree;
1515;512;100;100;0;1;0;0;0;tree;
3625;522;100;100;0;1;0;0;0;tree;
2218;502;100;100;0;1;0;0;0;tree;
290;516;100;100;0;1;0;0;0;tree;
-572;549;100;100;0;1;0;0;0;tree;
-979;506;100;100;0;1;0;0;0;tree;
4360;314;150;200;0;1;45;0;0;houseBlue;
5403;309;150;200;0;1;45;0;0;houseBlue;
4891;331;137;200;0;1;46;0;0;houseBrown;
4515;486;25;25;0;1;4;1;1;fence;
4541;486;25;25;0;1;4;1;1;fence;
4568;486;25;25;0;1;4;1;1;fence;
5968;478.667;100;100;0;1;0;0;0;tree;
6824.67;532;100;100;0;1;0;0;0;tree;
6438;525.333;100;100;0;1;0;0;0;tree;
end
signs
x y width height rotation scale imageid collides stopplayer type text
end
 
npcs
x y type
869;300;sam
1636;295;turret
473;466;tank
-839;462;civilian
-681;482;civilian
-523;478;civilian
-417;464;cow
1146;467;hsoldier
1301;451;hsoldier
1441;447;hsoldier
1937;445;tank
2890;480;cow
3014;474;cow
3094;474;cow
3210;477;cow
3364;487;cow
3490;467;cow
4627;467;hsoldier
488;477;hsoldier
5204;453;hsoldier
4931;460;hsoldier
5379;435;hsoldier
4380;418;cow
4980;471;cow
5691;461;sam
6488;486;tank
end
