Location: .\Levels\level4.txt 
Level: level4.400.135 
PlayerX
-400
PlayerY
0
LevelLeft
-1278
LevelRight
8200
LevelTop
-30
levelBottom
562
 
ground
x y
0
-1500;500
-200;500
-118;492
-46;507
10;523
58;544
95;558
119;562
169;556
225;555
328;542
500;490
650;470
1000;510
1240;500
1400;500
2115;488
2445;484
3091;498
3619;489
4279;491
4429;447
4551;412
4649;338
4711;260
4789;206
4883;192
5017;204
5067;212
5207;250
5317;288
5439;312
5483;312
5667;335
5891;335
6059;337
6199;343
6347;325
6431;327
7562;310
7658;319
8072;335
8606;318
end
 
scenery
x y width height rotation scale imageid collides stopplayer type text
291;551;100;100;0;1;0;0;0;tree;
905;509;100;100;0;1;0;0;0;tree;
1160;514;100;100;0;1;0;0;0;tree;
88;550;25;25;0;1;2;0;0;hayBale;
737;454;25;25;0;1;3;1;1;crate;
541;454;25;25;0;1;4;1;1;fence;
1032;454;100;10;0;1;22;1;1;longCrate;
986;499;10;100;90;1;22;1;1;tallCrate;
1077;500;10;100;90;1;22;1;1;tallCrate;
-364;490;10;100;90;1;22;1;1;tallCrate;
-269;489;10;100;90;1;22;1;1;tallCrate;
-316;462;100;10;0;1;22;1;1;longCrate;
2036;502;100;100;0;1;0;0;0;tree;
3219.33;508.667;100;100;0;1;0;0;0;tree;
3269.33;505.333;100;100;0;1;0;0;0;tree;
4532.67;438.667;100;100;0;1;0;0;0;tree;
4919.33;212;100;100;0;1;0;0;0;tree;
5549.33;342;100;100;0;1;0;0;0;tree;
5849.33;352;100;100;0;1;0;0;0;tree;
5946;345.333;100;100;0;1;0;0;0;tree;
3942.67;508.667;100;100;0;1;0;0;0;tree;
7044.5;337.5;100;100;0;1;0;0;0;tree;
6774.5;337.5;100;100;0;1;0;0;0;tree;
7304.5;322.5;100;100;0;1;0;0;0;tree;
6314.5;355;100;100;0;1;0;0;0;tree;
6567;340;100;100;0;1;0;0;0;tree;
7789.5;345;100;100;0;1;0;0;0;tree;
-1022.5;511.5;100;100;0;1;0;0;0;tree;
-559.5;509;100;100;0;1;0;0;0;tree;
-804.5;506.5;100;100;0;1;0;0;0;tree;
end
signs
x y width height rotation scale imageid collides stopplayer type text
end
 
npcs
x y type
-200.2;500;sniper
-46.5997;506.875;stinger
351.401;534.925;sniper
-332;456.8;sniper
6926;-205;stinger
6926;-205;stinger
6926;-205;stinger
5191;-254;stinger
5191;-254;stinger
2982;-54;sniper
2982;-54;sniper
end
