Location: .\Levels\level5.txt 
Level: level5 
Requirements: 3
Difficulty: 2
PlayerX
-400
PlayerY
0
LevelLeft
-1278
LevelRight
5880
LevelTop
-182
levelBottom
500
 
ground
x y
0
-1500;500
718.333;488.944
736.667;477.278
1045.57;475.897
1047.71;444.468
1103.43;444.468
1104.14;473.754
1391.33;475.944
1404.67;485.944
2362.33;478.944
2390;465.278
3088.33;446.944
3185;436.944
3328.33;440.278
3506.67;446.944
3590;466.944
3716;474.611
4946.67;482.611
5165;485.944
5350;484.278
5455;446.944
5546.67;434.278
5598.33;438.611
5670;476.944
5735;480.278
6026;424.611
end
 
scenery
x y width height rotation scale imageid collides stopplayer type text
-334;291.611;150;200;0;1;45;0;0;houseBlue;
-34;299.611;150;200;0;1;45;0;0;houseBlue;
-184;292.611;150;200;0;1;45;0;0;houseBlue;
-358;467.111;25;25;0;1;4;1;1;fence;
-383;467.111;25;25;0;1;4;1;1;fence;
-979.25;502.111;100;100;0;1;0;0;0;tree;
-800.5;503.361;100;100;0;1;0;0;0;tree;
-649.25;507.111;100;100;0;1;0;0;0;tree;
-540.5;502.111;100;100;0;1;0;0;0;tree;
1691;288.611;150;200;0;1;45;0;0;houseBlue;
2841;263.611;150;200;0;1;45;0;0;houseBlue;
2326;281.111;150;200;0;1;45;0;0;houseBlue;
2666;258.611;150;200;0;1;45;0;0;houseBlue;
2506;263.611;137;200;0;1;46;0;0;houseBrown;
1856;283.611;137;200;0;1;46;0;0;houseBrown;
2008.5;291.111;137;200;0;1;46;0;0;houseBrown;
2163.5;291.111;137;200;0;1;46;0;0;houseBrown;
381;498.111;100;100;0;1;0;0;0;tree;
593.5;500.611;100;100;0;1;0;0;0;tree;
763.5;483.111;100;100;0;1;0;0;0;tree;
836;485.611;100;100;0;1;0;0;0;tree;
1173.14;480.611;100;100;0;1;0;0;0;tree;
1526;495.611;100;100;0;1;0;0;0;tree;
1283.5;483.111;100;100;0;1;0;0;0;tree;
967.786;481.683;100;100;0;1;0;0;0;tree;
1022;450.183;25;25;0;1;3;1;1;crate;
1103.43;448.754;25;25;0;1;3;1;1;crate;
3312.5;448.361;100;100;0;1;0;0;0;tree;
4376.25;493.361;100;100;0;1;0;0;0;tree;
3608.75;479.611;100;100;0;1;0;0;0;tree;
3688.75;483.361;100;100;0;1;0;0;0;tree;
4442.5;488.361;100;100;0;1;0;0;0;tree;
3893.75;482.111;100;100;0;1;0;0;0;tree;
4165;485.861;100;100;0;1;0;0;0;tree;
4960;491.278;100;100;0;1;0;0;0;tree;
4718.33;496.278;100;100;0;1;0;0;0;tree;
5194.33;493.944;100;100;0;1;0;0;0;tree;
5439.33;467.278;100;100;0;1;0;0;0;tree;
5656;482.278;100;100;0;1;0;0;0;tree;
end
signs
x y width height rotation scale imageid collides stopplayer type text
end
 
npcs
x y type
-431;493;turret
1074;444;sam
3001;448;turret
-1091;478;cow
-970;465;cow
-789;458;cow
-616;449;cow
-541;447;civilian
-831;433;civilian
-700;441;civilian
-203;448;hsoldier
-84;449;hsoldier
62;444;hsoldier
117;440;hsoldier
590;423;cow
799;416;cow
891;428;cow
1368;425;civilian
1519;419;civilian
1844;442;hsoldier
1986;427;hsoldier
2138;410;hsoldier
2428;407;hsoldier
2698;392;hsoldier
3652;418;tank
3931;442;cow
4224;439;cow
4703;431;cow
4925;434;cow
5527;366;hsoldier
5372;409;hsoldier
5054;443;hsoldier
4853;439;hsoldier
end
